2 5 1 83
4 4 7 34
2 6 1 49
4 3 6 50
1 4 1 7
3 6 1 84
2 5 0 86
2 1 4 31
3 1 0 79
2 3 3 55
4 3 3 75
1 6 4 69
3 4 6 33
1 4 3 27
3 6 7 96
3 3 5 85
3 6 2 100
2 6 6 42
2 6 3 19
3 6 2 29
2 2 4 94
1 4 3 99
4 6 5 54
4 3 5 42
1 3 4 62
2 1 2 4
4 3 1 74
2 2 5 59
1 6 0 90
2 4 7 25
3 6 1 34
4 3 6 68
3 4 5 57
2 6 3 82
2 5 6 76
4 1 5 77
2 4 1 71
2 5 2 72
2 2 5 46
3 4 4 17
3 2 4 25
2 4 5 43
4 4 1 24
4 2 7 94
1 5 3 10
1 3 5 11
2 3 3 28
2 4 4 25
2 3 0 99
1 6 0 36
1 1 6 37
2 6 5 62
2 1 3 47
3 1 4 45
3 6 3 12
3 2 3 100
1 4 1 9
1 3 3 10
1 3 1 22
4 1 2 90
3 2 3 38
2 6 5 52
3 3 7 41
1 5 4 29
3 2 0 31
4 4 7 88
2 5 0 50
3 2 2 50
1 4 2 63
1 6 5 31
4 5 6 12
4 3 7 22
1 6 3 88
4 4 3 41
4 4 5 59
3 4 7 84
1 4 5 81
1 5 2 96
4 4 7 75
4 1 3 8
3 3 3 30
2 5 1 34
2 4 7 45
3 5 7 56
4 5 3 60
3 1 6 82
4 4 3 91
1 3 6 35
2 2 3 3
4 1 3 33
4 3 0 47
1 4 5 24
4 1 6 79
3 6 7 30
3 6 0 15
2 3 0 31
4 6 5 35
1 1 6 4
4 4 5 80
3 3 3 47
4 6 4 34
3 4 7 34
3 6 7 33
2 3 6 17
4 6 2 72
1 5 7 20
4 3 2 27
4 6 0 75
4 5 3 22
4 3 6 95
2 1 6 7
3 3 2 26
1 3 5 9
2 3 3 13
1 4 2 36
4 3 1 27
3 4 7 47
4 1 4 98
1 1 7 19
3 3 3 51
3 5 2 52
1 4 0 26
4 5 4 3
2 3 0 32
4 2 1 35
2 4 3 42
4 4 3 51
2 4 4 28
4 6 7 77
1 4 1 24
2 4 5 75
4 6 2 79
2 6 1 19
2 5 4 49
4 2 6 57
3 2 0 39
3 6 2 23
3 2 6 72
1 6 6 73
2 5 2 75
4 4 0 53
1 5 5 52
1 6 4 11
3 5 0 77
4 1 7 34
2 2 0 19
1 1 2 18
3 3 7 59
1 1 6 77
1 4 7 17
4 4 3 26
4 4 6 3
3 6 3 28
3 1 1 39
3 6 4 18
1 2 3 97
4 4 0 25
2 6 0 69
4 6 1 79
4 4 5 90
1 1 0 67
1 5 1 72
2 2 0 42
1 2 5 53
1 4 4 50
2 3 5 61
1 6 2 36
3 6 4 72
1 1 1 13
3 1 3 17
4 4 1 81
3 6 4 88
1 5 4 78
1 1 1 21
2 3 3 40
4 2 2 100
1 1 0 35
3 6 6 63
4 1 6 10
4 5 0 20
3 4 5 71
4 1 3 73
3 1 7 71
3 1 1 7
3 6 4 77
2 2 2 9
4 3 1 15
3 3 5 1
4 3 3 55
2 3 6 40
1 4 1 95
4 2 4 94
1 2 2 6
1 5 5 48
2 6 1 8
2 5 4 61
2 4 6 59
2 1 5 62
2 6 4 2
3 1 6 15
2 5 0 50
2 6 4 79
1 4 1 74
1 2 5 98
1 6 7 30
4 5 3 86
4 6 2 14
4 1 4 74
2 5 6 35
2 4 0 7
1 6 3 1
4 6 1 28
1 1 5 25
2 5 5 81
4 4 6 71
4 1 7 89
3 1 6 60
2 1 5 34
1 6 6 36
3 6 2 95
1 6 2 54
4 6 5 31
3 4 5 67
2 5 6 28
3 6 3 16
4 3 5 52
2 2 2 76
3 4 2 67
1 1 7 53
1 6 2 7
1 4 0 91
1 6 1 55
1 1 2 72
2 6 3 19
3 6 2 37
3 5 7 40
1 1 3 89
4 2 7 69
2 4 2 98
3 4 7 7
1 6 2 98
1 6 3 11
3 4 7 82
2 1 4 47
1 2 6 13
1 2 4 2
2 1 2 100
2 5 6 6
4 5 6 77
2 1 6 64
4 6 4 22
4 3 3 21
4 4 0 73
4 3 5 89
3 5 7 80
3 6 5 6
2 6 1 35
2 1 2 54
2 5 6 2
4 2 1 99
3 6 2 86
2 3 5 28
1 6 2 51
3 2 7 1
4 6 2 57
2 1 5 27
4 6 7 51
1 5 0 84
2 2 0 75
4 1 5 44
4 1 5 22
4 3 5 51
2 3 3 15
1 5 5 28
1 3 1 97
2 3 7 27
2 5 5 73
3 5 3 10
3 3 6 31
1 1 4 67
1 4 0 9
1 6 0 29
3 6 4 68
4 3 5 49
1 1 0 63
2 6 3 20
4 2 1 73
2 5 2 74
2 1 2 94
1 1 1 91
4 5 1 88
3 1 7 23
2 5 0 51
4 2 5 8
1 6 7 19
2 6 3 83
4 4 0 36
4 2 5 92
4 5 2 10
2 6 7 43
2 4 4 30
3 6 4 36
1 2 1 46
1 3 0 28
3 3 3 26
2 1 4 58
4 3 2 73
1 3 2 42
2 5 6 93
4 3 3 17
2 1 5 66
1 4 1 59
2 5 4 56
1 1 0 84
4 5 7 16
1 2 0 3
4 6 2 12
2 6 7 72
2 5 0 42
3 4 4 32
2 1 6 43
1 5 5 96
2 6 6 18
3 6 3 43
3 4 5 48
3 3 6 100
1 4 5 59
1 4 2 27
2 3 0 30
4 6 1 21
3 2 5 38
3 6 7 69
3 1 4 18
1 3 4 49
2 4 3 31
3 4 0 92
2 3 5 69
2 5 4 5
2 3 1 5
4 5 0 62
1 5 2 37
4 2 4 21
1 2 2 68
1 3 6 83
3 2 6 13
2 6 0 76
2 4 3 5
2 2 1 50
1 1 1 76
4 6 7 56
2 3 6 70
1 4 3 48
1 3 7 3
2 4 1 15
1 1 2 78
4 2 6 64
4 4 6 83
1 5 6 62
1 5 3 97
2 5 3 15
1 5 4 86
2 6 7 78
2 6 2 77
2 5 0 45
4 3 7 41
1 4 5 9
2 3 1 24
4 3 5 16
4 6 5 49
3 5 2 64
3 5 7 84
2 2 7 65
3 5 0 87
4 5 7 6
3 1 0 74
1 2 5 68
3 5 4 81
3 3 3 25
3 1 7 96
3 6 4 81
2 3 2 74
3 6 6 82
2 5 6 75
4 4 1 6
2 4 5 93
4 1 0 39
3 1 5 81
4 2 4 65
3 6 5 49
1 2 1 15
2 1 0 61
4 4 5 30
4 5 5 55
3 6 0 2
2 3 1 85
4 1 1 42
2 1 6 74
3 4 7 92
4 6 0 48
2 4 4 61
1 2 2 63
3 4 7 13
2 2 0 61
4 2 6 21
1 5 1 99
4 4 5 76
1 2 6 30
4 1 1 92
4 3 5 98
4 2 5 53
3 3 0 62
4 5 1 96
3 1 1 27
4 2 1 29
1 2 5 48
2 4 2 85
4 3 5 27
2 2 2 36
2 1 0 61
2 2 0 72
4 2 1 68
1 5 3 74
2 5 4 11
4 4 6 71
4 1 4 77
4 3 7 77
2 6 0 39
1 1 5 44
3 6 2 91
2 4 7 48
3 3 5 78
4 5 0 63
1 3 6 12
4 2 7 5
1 6 6 49
1 2 7 23
3 1 4 85
4 5 7 34
1 5 3 72
1 2 5 89
4 4 7 91
1 1 6 41
3 3 0 95
1 2 0 15
2 5 6 6
1 2 6 85
3 6 3 79
1 5 3 77
4 3 6 48
2 2 7 84
2 2 5 2
4 6 4 5
2 1 1 99
1 3 2 31
2 5 4 71
3 2 2 59
3 5 5 64
2 4 2 36
1 2 0 92
1 1 4 58
4 6 7 76
2 5 1 64
1 4 5 75
2 6 0 96
4 1 2 82
4 3 4 68
4 3 3 8
2 6 4 37
1 5 7 27
3 5 1 55
2 3 4 35
2 4 1 61
4 6 1 47
4 4 5 79
3 5 1 84
4 1 3 5
3 3 6 1
3 6 6 44
2 3 2 63
4 2 6 59
4 5 0 95
2 5 1 56
3 3 2 87
1 4 2 51
4 1 2 54
4 1 1 1
4 2 6 47
3 1 5 86
1 4 4 47
4 2 1 39
4 3 0 93
2 5 2 58
3 4 2 86
2 4 5 1
3 2 3 26
4 1 2 53
2 1 6 62
4 6 3 28
4 6 3 62
2 4 6 28
